2.721140000000000114e+00
2.721369999999999845e+00
2.721699999999999786e+00
2.722049999999999859e+00
2.722360000000000113e+00
2.722589999999999844e+00
2.722719999999999807e+00
2.706310000000000215e+00
2.706719999999999793e+00
2.707269999999999843e+00
2.707829999999999959e+00
2.708309999999999995e+00
2.708639999999999937e+00
2.708800000000000097e+00
2.691180000000000128e+00
2.691920000000000091e+00
2.692820000000000213e+00
2.693700000000000205e+00
2.694420000000000037e+00
2.694850000000000190e+00
2.694999999999999840e+00
2.675530000000000186e+00
2.677000000000000046e+00
2.678409999999999958e+00
2.679710000000000036e+00
2.680839999999999890e+00
2.681389999999999940e+00
2.681319999999999926e+00
2.658739999999999881e+00
2.663170000000000037e+00
2.664070000000000160e+00
2.665820000000000078e+00
2.667920000000000069e+00
2.668670000000000098e+00
2.667710000000000026e+00
2.640460000000000029e+00
2.640390000000000015e+00
2.642360000000000042e+00
2.644260000000000055e+00
2.656460000000000043e+00
2.658160000000000078e+00
2.653810000000000002e+00
2.615349999999999842e+00
2.616899999999999782e+00
2.618619999999999948e+00
2.620779999999999887e+00
2.622339999999999893e+00
2.639540000000000219e+00
2.637290000000000134e+00
2.595909999999999940e+00
2.592740000000000045e+00
2.590339999999999865e+00
2.590289999999999981e+00
2.596820000000000128e+00
2.589379999999999793e+00
2.592369999999999841e+00
2.578359999999999985e+00
2.576760000000000161e+00
2.574530000000000207e+00
2.571619999999999795e+00
2.567759999999999820e+00
2.565939999999999888e+00
2.570349999999999913e+00
2.562019999999999964e+00
2.561010000000000009e+00
2.559499999999999886e+00
2.557650000000000201e+00
2.555880000000000152e+00
2.555289999999999839e+00
2.556379999999999875e+00
2.546390000000000153e+00
2.545770000000000088e+00
2.544820000000000082e+00
2.543740000000000112e+00
2.542809999999999793e+00
2.542400000000000215e+00
2.542539999999999800e+00
