0 6 9 1            iprint,iecho,ioutf,itset
1 0 0 0 0 0 0 0        itran,itherm,ifrac,ifracd,ibiof
1 0 0 1              iwat,igas,igpass,inapl
1 0 0 1 0       nspo,nspf,iknads,ikkmt,icoll
1 1 0 0            water (partitioning & dispersion)
1 1 1 1 	 (inapl=1)iphtrw,idispw,iphtro,idisop (TCEc12)
1 1 1 1 1 2        iwtxyz,iswrt,ihwrt,iccwrt,ivelwrt,ibwrt switch 1 to 2 for temporal
0 0                icwrt for water
1 0                icwrt for TCE
4 1 2              nwstep,irst,impes
3200 0                nmt(# soil types),inrtl
0 80 1 40 0 0      iaxsym,nx,ny,nz,nwell,nwellp
7 3 0 0            icapt,lmax,ibio,iads
80 0 0 0 0 0 0 0 0 0 0 0 0 0 0 0 0 0 0 0  max. Dirichlet bc: nw
0 0 0                   max. falling head bc:
0 0 0                   nghb,ndrn,nriv
0 0 5 0 0 0              max. #flux bc: nfw,nfg,nfo,nft,nflev
80*0.0625                delx
1*0.0625                     dely
40*-0.0625               delz 
2.5 0.0 0.0             z0,dipx,dipy
1                       stis
permINFILE.txt         
por_agu.txt             
3200*0 3200*0                     dispersivity (none, since this is homogeneous)
1                       inputm
pds_agu.txt
0                             ireact (no decay)
0                             ielgen (no continuous input)
0.0 296.15                    pref, tref (20C=293.15 K)
0.0013 5.7d-04                 visw0,viso0 (kg/m-sec)
0 0                           ivdw,ivdo
0 0                           ivvisw,ivviso
0.018 0.1315 rmwt (molecular weight kg/gmol) 
55418.5 11100 rmdlo(molar densities mol/m3) 
0.0 0.0 0.0 0.0 4*0.0             lcomp  
6.94d-10 6.94d-10             water phase diffusion coeff. (m2/sec)
1100 water solubilities for organic
5.46e-02 5.46e-02 5.46e-02 5.46e-02 5.46e-02 5.46e-02 5.46e-02 5.46e-02 5.46e-02 5.46e-02 5.46e-02 5.46e-02 5.46e-02 5.46e-02 5.46e-02 5.46e-02 5.46e-02 5.46e-02 5.46e-02 5.46e-02 5.46e-02 5.46e-02 5.46e-02 5.46e-02 5.46e-02 5.46e-02 5.46e-02 5.46e-02 5.46e-02 5.46e-02 5.46e-02 5.46e-02 5.46e-02 5.46e-02 5.46e-02 5.46e-02 5.46e-02 5.46e-02 5.46e-02 5.46e-02 5.46e-02 5.46e-02 5.46e-02 5.46e-02 5.46e-02 5.46e-02 5.46e-02 5.46e-02 5.46e-02 5.46e-02 5.46e-02 5.46e-02 5.46e-02 5.46e-02 5.46e-02 5.46e-02 5.46e-02 5.46e-02 5.46e-02 5.46e-02 5.46e-02 5.46e-02 5.46e-02 5.46e-02 5.46e-02 5.46e-02 5.46e-02 5.46e-02 5.46e-02 5.46e-02 5.46e-02 5.46e-02 5.46e-02 5.46e-02 5.46e-02 5.46e-02 5.46e-02 5.46e-02 5.46e-02 5.46e-02 5.46e-02 5.46e-02 5.46e-02 5.46e-02 5.46e-02 5.46e-02 5.46e-02 5.46e-02 5.46e-02 5.46e-02 5.46e-02 5.46e-02 5.46e-02 5.46e-02 5.46e-02 5.46e-02 5.46e-02 5.46e-02 5.46e-02 5.46e-02 5.46e-02 5.46e-02 5.46e-02 5.46e-02 5.46e-02 5.46e-02 5.46e-02 5.46e-02 5.46e-02 5.46e-02 5.46e-02 5.46e-02 5.46e-02 5.46e-02 5.46e-02 5.46e-02 5.46e-02 5.46e-02 5.46e-02 5.46e-02 5.46e-02 5.46e-02 5.46e-02 5.46e-02 5.46e-02 5.46e-02 5.46e-02 5.46e-02 5.46e-02 5.46e-02 5.46e-02 5.46e-02 5.46e-02 5.46e-02 5.46e-02 5.46e-02 5.46e-02 5.46e-02 5.46e-02 5.46e-02 5.46e-02 5.46e-02 5.46e-02 5.46e-02 5.46e-02 5.46e-02 5.46e-02 5.46e-02 5.46e-02 5.46e-02 5.46e-02 5.46e-02 5.46e-02 5.46e-02 5.46e-02 5.46e-02 5.46e-02 5.46e-02 5.46e-02 5.46e-02 5.46e-02 5.46e-02 5.46e-02 5.46e-02 5.46e-02 5.46e-02 5.46e-02 5.46e-02 5.46e-02 5.46e-02 5.46e-02 5.46e-02 5.46e-02 5.46e-02 5.46e-02 5.46e-02 5.46e-02 5.46e-02 5.46e-02 5.46e-02 5.46e-02 5.46e-02 5.46e-02 5.46e-02 5.46e-02 5.46e-02 5.46e-02 5.46e-02 5.46e-02 5.46e-02 5.46e-02 5.46e-02 5.46e-02 5.46e-02 5.46e-02 5.46e-02 5.46e-02 5.46e-02 5.46e-02 5.46e-02 5.46e-02 5.46e-02 5.46e-02 5.46e-02 5.46e-02 5.46e-02 5.46e-02 5.46e-02 5.46e-02 5.46e-02 5.46e-02 5.46e-02 5.46e-02 5.46e-02 5.46e-02 5.46e-02 5.46e-02 5.46e-02 5.46e-02 5.46e-02 5.46e-02 5.46e-02 5.46e-02 5.46e-02 5.46e-02 5.46e-02 5.46e-02 5.46e-02 5.46e-02 5.46e-02 5.46e-02 5.46e-02 5.46e-02 5.46e-02 5.46e-02 5.46e-02 5.46e-02 5.46e-02 5.46e-02 5.46e-02 5.46e-02 5.46e-02 5.46e-02 5.46e-02 5.46e-02 5.46e-02 5.46e-02 5.46e-02 5.46e-02 5.46e-02 5.46e-02 5.46e-02 5.46e-02 5.46e-02 5.46e-02 5.46e-02 5.46e-02 5.46e-02 5.46e-02 5.46e-02 5.46e-02 5.46e-02 5.46e-02 5.46e-02 5.46e-02 5.46e-02 5.46e-02 5.46e-02 5.46e-02 5.46e-02 5.46e-02 5.46e-02 5.46e-02 5.46e-02 5.46e-02 5.46e-02 5.46e-02 5.46e-02 5.46e-02 5.46e-02 5.46e-02 5.46e-02 5.46e-02 5.46e-02 5.46e-02 5.46e-02 5.46e-02 5.46e-02 5.46e-02 5.46e-02 5.46e-02 5.46e-02 5.46e-02 5.46e-02 5.46e-02 5.46e-02 5.46e-02 5.46e-02 5.46e-02 5.46e-02 5.46e-02 5.46e-02 5.46e-02 5.46e-02 5.46e-02 5.46e-02 5.46e-02 5.46e-02 5.46e-02 5.46e-02 5.46e-02 5.46e-02 5.46e-02 5.46e-02 5.46e-02 5.46e-02 5.46e-02 5.46e-02 5.46e-02 5.46e-02 5.46e-02 5.46e-02 5.46e-02 5.46e-02 5.46e-02 5.46e-02 5.46e-02 5.46e-02 5.46e-02 5.46e-02 5.46e-02 5.46e-02 5.46e-02 5.46e-02 5.46e-02 5.46e-02 5.46e-02 5.46e-02 5.46e-02 5.46e-02 5.46e-02 5.46e-02 5.46e-02 5.46e-02 5.46e-02 5.46e-02 5.46e-02 5.46e-02 5.46e-02 5.46e-02 5.46e-02 5.46e-02 5.46e-02 5.46e-02 5.46e-02 5.46e-02 5.46e-02 5.46e-02 5.46e-02 5.46e-02 5.46e-02 5.46e-02 5.46e-02 5.46e-02 5.46e-02 5.46e-02 5.46e-02 5.46e-02 5.46e-02 5.46e-02 5.46e-02 5.46e-02 5.46e-02 5.46e-02 5.46e-02 5.46e-02 5.46e-02 5.46e-02 5.46e-02 5.46e-02 5.46e-02 5.46e-02 5.46e-02 5.46e-02 5.46e-02 5.46e-02 5.46e-02 5.46e-02 5.46e-02 5.46e-02 5.46e-02 5.46e-02 5.46e-02 5.46e-02 5.46e-02 5.46e-02 5.46e-02 5.46e-02 5.46e-02 5.46e-02 5.46e-02 5.46e-02 5.46e-02 5.46e-02 5.46e-02 5.46e-02 5.46e-02 5.46e-02 5.46e-02 5.46e-02 5.46e-02 5.46e-02 5.46e-02 5.46e-02 5.46e-02 5.46e-02 5.46e-02 5.46e-02 5.46e-02 5.46e-02 5.46e-02 5.46e-02 5.46e-02 5.46e-02 5.46e-02 5.46e-02 5.46e-02 5.46e-02 5.46e-02 5.46e-02 5.46e-02 5.46e-02 5.46e-02 5.46e-02 5.46e-02 5.46e-02 5.46e-02 5.46e-02 5.46e-02 5.46e-02 5.46e-02 5.46e-02 5.46e-02 5.46e-02 5.46e-02 5.46e-02 5.46e-02 5.46e-02 5.46e-02 5.46e-02 5.46e-02 5.46e-02 5.46e-02 5.46e-02 5.46e-02 5.46e-02 5.46e-02 5.46e-02 5.46e-02 5.46e-02 5.46e-02 5.46e-02 5.46e-02 5.46e-02 5.46e-02 5.46e-02 5.46e-02 5.46e-02 5.46e-02 5.46e-02 5.46e-02 5.46e-02 5.46e-02 5.46e-02 5.46e-02 5.46e-02 5.46e-02 5.46e-02 5.46e-02 5.46e-02 5.46e-02 5.46e-02 5.46e-02 5.46e-02 5.46e-02 5.46e-02 5.46e-02 5.46e-02 5.46e-02 5.46e-02 5.46e-02 5.46e-02 5.46e-02 5.46e-02 5.46e-02 5.46e-02 5.46e-02 5.46e-02 5.46e-02 5.46e-02 5.46e-02 5.46e-02 5.46e-02 5.46e-02 5.46e-02 5.46e-02 5.46e-02 5.46e-02 5.46e-02 5.46e-02 5.46e-02 5.46e-02 5.46e-02 5.46e-02 5.46e-02 5.46e-02 5.46e-02 5.46e-02 5.46e-02 5.46e-02 5.46e-02 5.46e-02 5.46e-02 5.46e-02 5.46e-02 5.46e-02 5.46e-02 5.46e-02 5.46e-02 5.46e-02 5.46e-02 5.46e-02 5.46e-02 5.46e-02 5.46e-02 5.46e-02 5.46e-02 5.46e-02 5.46e-02 5.46e-02 5.46e-02 5.46e-02 5.46e-02 5.46e-02 5.46e-02 5.46e-02 5.46e-02 5.46e-02 5.46e-02 5.46e-02 5.46e-02 5.46e-02 5.46e-02 5.46e-02 5.46e-02 5.46e-02 5.46e-02 5.46e-02 5.46e-02 5.46e-02 5.46e-02 5.46e-02 5.46e-02 5.46e-02 5.46e-02 5.46e-02 5.46e-02 5.46e-02 5.46e-02 5.46e-02 5.46e-02 5.46e-02 5.46e-02 5.46e-02 5.46e-02 5.46e-02 5.46e-02 5.46e-02 5.46e-02 5.46e-02 5.46e-02 5.46e-02 5.46e-02 5.46e-02 5.46e-02 5.46e-02 5.46e-02 5.46e-02 5.46e-02 5.46e-02 5.46e-02 5.46e-02 5.46e-02 5.46e-02 5.46e-02 5.46e-02 5.46e-02 5.46e-02 5.46e-02 5.46e-02 5.46e-02 5.46e-02 5.46e-02 5.46e-02 5.46e-02 5.46e-02 5.46e-02 5.46e-02 5.46e-02 5.46e-02 5.46e-02 5.46e-02 5.46e-02 5.46e-02 5.46e-02 5.46e-02 5.46e-02 5.46e-02 5.46e-02 5.46e-02 5.46e-02 5.46e-02 5.46e-02 5.46e-02 5.46e-02 5.46e-02 5.46e-02 5.46e-02 5.46e-02 5.46e-02 5.46e-02 5.46e-02 5.46e-02 5.46e-02 5.46e-02 5.46e-02 5.46e-02 5.46e-02 5.46e-02 5.46e-02 5.46e-02 5.46e-02 5.46e-02 5.46e-02 5.46e-02 5.46e-02 5.46e-02 5.46e-02 5.46e-02 5.46e-02 5.46e-02 5.46e-02 5.46e-02 5.46e-02 5.46e-02 5.46e-02 5.46e-02 5.46e-02 5.46e-02 5.46e-02 5.46e-02 5.46e-02 5.46e-02 5.46e-02 5.46e-02 5.46e-02 5.46e-02 5.46e-02 5.46e-02 5.46e-02 5.46e-02 5.46e-02 5.46e-02 5.46e-02 5.46e-02 5.46e-02 5.46e-02 5.46e-02 5.46e-02 5.46e-02 5.46e-02 5.46e-02 5.46e-02 5.46e-02 5.46e-02 5.46e-02 5.46e-02 5.46e-02 5.46e-02 5.46e-02 5.46e-02 5.46e-02 5.46e-02 5.46e-02 5.46e-02 5.46e-02 5.46e-02 5.46e-02 5.46e-02 5.46e-02 5.46e-02 5.46e-02 5.46e-02 5.46e-02 5.46e-02 5.46e-02 5.46e-02 5.46e-02 5.46e-02 5.46e-02 5.46e-02 5.46e-02 5.46e-02 5.46e-02 5.46e-02 5.46e-02 5.46e-02 5.46e-02 5.46e-02 5.46e-02 5.46e-02 5.46e-02 5.46e-02 5.46e-02 5.46e-02 5.46e-02 5.46e-02 5.46e-02 5.46e-02 5.46e-02 5.46e-02 5.46e-02 5.46e-02 5.46e-02 5.46e-02 5.46e-02 5.46e-02 5.46e-02 5.46e-02 5.46e-02 5.46e-02 5.46e-02 5.46e-02 5.46e-02 5.46e-02 5.46e-02 5.46e-02 5.46e-02 5.46e-02 5.46e-02 5.46e-02 5.46e-02 5.46e-02 5.46e-02 5.46e-02 5.46e-02 5.46e-02 5.46e-02 5.46e-02 5.46e-02 5.46e-02 5.46e-02 5.46e-02 5.46e-02 5.46e-02 5.46e-02 5.46e-02 5.46e-02 5.46e-02 5.46e-02 5.46e-02 5.46e-02 5.46e-02 5.46e-02 5.46e-02 5.46e-02 5.46e-02 5.46e-02 5.46e-02 5.46e-02 5.46e-02 5.46e-02 5.46e-02 5.46e-02 5.46e-02 5.46e-02 5.46e-02 5.46e-02 5.46e-02 5.46e-02 5.46e-02 5.46e-02 5.46e-02 5.46e-02 5.46e-02 5.46e-02 5.46e-02 5.46e-02 5.46e-02 5.46e-02 5.46e-02 5.46e-02 5.46e-02 5.46e-02 5.46e-02 5.46e-02 5.46e-02 5.46e-02 5.46e-02 5.46e-02 5.46e-02 5.46e-02 5.46e-02 5.46e-02 5.46e-02 5.46e-02 5.46e-02 5.46e-02 5.46e-02 5.46e-02 5.46e-02 5.46e-02 5.46e-02 5.46e-02 5.46e-02 5.46e-02 5.46e-02 5.46e-02 5.46e-02 5.46e-02 5.46e-02 5.46e-02 5.46e-02 5.46e-02 5.46e-02 5.46e-02 5.46e-02 5.46e-02 5.46e-02 5.46e-02 5.46e-02 5.46e-02 5.46e-02 5.46e-02 5.46e-02 5.46e-02 5.46e-02 5.46e-02 5.46e-02 5.46e-02 5.46e-02 5.46e-02 5.46e-02 5.46e-02 5.46e-02 5.46e-02 5.46e-02 5.46e-02 5.46e-02 5.46e-02 5.46e-02 5.46e-02 5.46e-02 5.46e-02 5.46e-02 5.46e-02 5.46e-02 5.46e-02 5.46e-02 5.46e-02 5.46e-02 5.46e-02 5.46e-02 5.46e-02 5.46e-02 5.46e-02 5.46e-02 5.46e-02 5.46e-02 5.46e-02 5.46e-02 5.46e-02 5.46e-02 5.46e-02 5.46e-02 5.46e-02 5.46e-02 5.46e-02 5.46e-02 5.46e-02 5.46e-02 5.46e-02 5.46e-02 5.46e-02 5.46e-02 5.46e-02 5.46e-02 5.46e-02 5.46e-02 5.46e-02 5.46e-02 5.46e-02 5.46e-02 5.46e-02 5.46e-02 5.46e-02 5.46e-02 5.46e-02 5.46e-02 5.46e-02 5.46e-02 5.46e-02 5.46e-02 5.46e-02 5.46e-02 5.46e-02 5.46e-02 5.46e-02 5.46e-02 5.46e-02 5.46e-02 5.46e-02 5.46e-02 5.46e-02 5.46e-02 5.46e-02 5.46e-02 5.46e-02 5.46e-02 5.46e-02 5.46e-02 5.46e-02 5.46e-02 5.46e-02 5.46e-02 5.46e-02 5.46e-02 5.46e-02 5.46e-02 5.46e-02 5.46e-02 5.46e-02 5.46e-02 5.46e-02 5.46e-02 5.46e-02 5.46e-02 5.46e-02 5.46e-02 5.46e-02 5.46e-02 5.46e-02 5.46e-02 5.46e-02 5.46e-02 5.46e-02 5.46e-02 5.46e-02 5.46e-02 5.46e-02 5.46e-02 5.46e-02 5.46e-02 5.46e-02 5.46e-02 5.46e-02 5.46e-02 5.46e-02 5.46e-02 5.46e-02 5.46e-02 5.46e-02 5.46e-02 5.46e-02 5.46e-02 5.46e-02 5.46e-02 5.46e-02 5.46e-02 5.46e-02 5.46e-02 5.46e-02 5.46e-02 5.46e-02 5.46e-02 5.46e-02 5.46e-02 5.46e-02 5.46e-02 5.46e-02 5.46e-02 5.46e-02 5.46e-02 5.46e-02 5.46e-02 5.46e-02 5.46e-02 5.46e-02 5.46e-02 5.46e-02 5.46e-02 5.46e-02 5.46e-02 5.46e-02 5.46e-02 5.46e-02 5.46e-02 5.46e-02 5.46e-02 5.46e-02 5.46e-02 5.46e-02 5.46e-02 5.46e-02 5.46e-02 5.46e-02 5.46e-02 5.46e-02 5.46e-02 5.46e-02 5.46e-02 5.46e-02 5.46e-02 5.46e-02 5.46e-02 5.46e-02 5.46e-02 5.46e-02 5.46e-02 5.46e-02 5.46e-02 5.46e-02 5.46e-02 5.46e-02 5.46e-02 5.46e-02 5.46e-02 5.46e-02 5.46e-02 5.46e-02 5.46e-02 5.46e-02 5.46e-02 5.46e-02 5.46e-02 5.46e-02 5.46e-02 5.46e-02 5.46e-02 5.46e-02 5.46e-02 5.46e-02 5.46e-02 5.46e-02 5.46e-02 5.46e-02 5.46e-02 5.46e-02 5.46e-02 5.46e-02 5.46e-02 5.46e-02 5.46e-02 5.46e-02 5.46e-02 5.46e-02 5.46e-02 5.46e-02 5.46e-02 5.46e-02 5.46e-02 5.46e-02 5.46e-02 5.46e-02 5.46e-02 5.46e-02 5.46e-02 5.46e-02 5.46e-02 5.46e-02 5.46e-02 5.46e-02 5.46e-02 5.46e-02 5.46e-02 5.46e-02 5.46e-02 5.46e-02 5.46e-02 5.46e-02 5.46e-02 5.46e-02 5.46e-02 5.46e-02 5.46e-02 5.46e-02 5.46e-02 5.46e-02 5.46e-02 5.46e-02 5.46e-02 5.46e-02 5.46e-02 5.46e-02 5.46e-02 5.46e-02 5.46e-02 5.46e-02 5.46e-02 5.46e-02 5.46e-02 5.46e-02 5.46e-02 5.46e-02 5.46e-02 5.46e-02 5.46e-02 5.46e-02 5.46e-02 5.46e-02 5.46e-02 5.46e-02 5.46e-02 5.46e-02 5.46e-02 5.46e-02 5.46e-02 5.46e-02 5.46e-02 5.46e-02 5.46e-02 5.46e-02 5.46e-02 5.46e-02 5.46e-02 5.46e-02 5.46e-02 5.46e-02 5.46e-02 5.46e-02 5.46e-02 5.46e-02 5.46e-02 5.46e-02 5.46e-02 5.46e-02 5.46e-02 5.46e-02 5.46e-02 5.46e-02 5.46e-02 5.46e-02 5.46e-02 5.46e-02 5.46e-02 5.46e-02 5.46e-02 5.46e-02 5.46e-02 5.46e-02 5.46e-02 5.46e-02 5.46e-02 5.46e-02 5.46e-02 5.46e-02 5.46e-02 5.46e-02 5.46e-02 5.46e-02 5.46e-02 5.46e-02 5.46e-02 5.46e-02 5.46e-02 5.46e-02 5.46e-02 5.46e-02 5.46e-02 5.46e-02 5.46e-02 5.46e-02 5.46e-02 5.46e-02 5.46e-02 5.46e-02 5.46e-02 5.46e-02 5.46e-02 5.46e-02 5.46e-02 5.46e-02 5.46e-02 5.46e-02 5.46e-02 5.46e-02 5.46e-02 5.46e-02 5.46e-02 5.46e-02 5.46e-02 5.46e-02 5.46e-02 5.46e-02 5.46e-02 5.46e-02 5.46e-02 5.46e-02 5.46e-02 5.46e-02 5.46e-02 5.46e-02 5.46e-02 5.46e-02 5.46e-02 5.46e-02 5.46e-02 5.46e-02 5.46e-02 5.46e-02 5.46e-02 5.46e-02 5.46e-02 5.46e-02 5.46e-02 5.46e-02 5.46e-02 5.46e-02 5.46e-02 5.46e-02 5.46e-02 5.46e-02 5.46e-02 5.46e-02 5.46e-02 5.46e-02 5.46e-02 5.46e-02 5.46e-02 5.46e-02 5.46e-02 5.46e-02 5.46e-02 5.46e-02 5.46e-02 5.46e-02 5.46e-02 5.46e-02 5.46e-02 5.46e-02 5.46e-02 5.46e-02 5.46e-02 5.46e-02 5.46e-02 5.46e-02 5.46e-02 5.46e-02 5.46e-02 5.46e-02 5.46e-02 5.46e-02 5.46e-02 5.46e-02 5.46e-02 5.46e-02 5.46e-02 5.46e-02 5.46e-02 5.46e-02 5.46e-02 5.46e-02 5.46e-02 5.46e-02 5.46e-02 5.46e-02 5.46e-02 5.46e-02 5.46e-02 5.46e-02 5.46e-02 5.46e-02 5.46e-02 5.46e-02 5.46e-02 5.46e-02 5.46e-02 5.46e-02 5.46e-02 5.46e-02 5.46e-02 5.46e-02 5.46e-02 5.46e-02 5.46e-02 5.46e-02 5.46e-02 5.46e-02 5.46e-02 5.46e-02 5.46e-02 5.46e-02 5.46e-02 5.46e-02 5.46e-02 5.46e-02 5.46e-02 5.46e-02 5.46e-02 5.46e-02 5.46e-02 5.46e-02 5.46e-02 5.46e-02 5.46e-02 5.46e-02 5.46e-02 5.46e-02 5.46e-02 5.46e-02 5.46e-02 5.46e-02 5.46e-02 5.46e-02 5.46e-02 5.46e-02 5.46e-02 5.46e-02 5.46e-02 5.46e-02 5.46e-02 5.46e-02 5.46e-02 5.46e-02 5.46e-02 5.46e-02 5.46e-02 5.46e-02 5.46e-02 5.46e-02 5.46e-02 5.46e-02 5.46e-02 5.46e-02 5.46e-02 5.46e-02 5.46e-02 5.46e-02 5.46e-02 5.46e-02 5.46e-02 5.46e-02 5.46e-02 5.46e-02 5.46e-02 5.46e-02 5.46e-02 5.46e-02 5.46e-02 5.46e-02 5.46e-02 5.46e-02 5.46e-02 5.46e-02 5.46e-02 5.46e-02 5.46e-02 5.46e-02 5.46e-02 5.46e-02 5.46e-02 5.46e-02 5.46e-02 5.46e-02 5.46e-02 5.46e-02 5.46e-02 5.46e-02 5.46e-02 5.46e-02 5.46e-02 5.46e-02 5.46e-02 5.46e-02 5.46e-02 5.46e-02 5.46e-02 5.46e-02 5.46e-02 5.46e-02 5.46e-02 5.46e-02 5.46e-02 5.46e-02 5.46e-02 5.46e-02 5.46e-02 5.46e-02 5.46e-02 5.46e-02 5.46e-02 5.46e-02 5.46e-02 5.46e-02 5.46e-02 5.46e-02 5.46e-02 5.46e-02 5.46e-02 5.46e-02 5.46e-02 5.46e-02 5.46e-02 5.46e-02 5.46e-02 5.46e-02 5.46e-02 5.46e-02 5.46e-02 5.46e-02 5.46e-02 5.46e-02 5.46e-02 5.46e-02 5.46e-02 5.46e-02 5.46e-02 5.46e-02 5.46e-02 5.46e-02 5.46e-02 5.46e-02 5.46e-02 5.46e-02 5.46e-02 5.46e-02 5.46e-02 5.46e-02 5.46e-02 5.46e-02 5.46e-02 5.46e-02 5.46e-02 5.46e-02 5.46e-02 5.46e-02 5.46e-02 5.46e-02 5.46e-02 5.46e-02 5.46e-02 5.46e-02 5.46e-02 5.46e-02 5.46e-02 5.46e-02 5.46e-02 5.46e-02 5.46e-02 5.46e-02 5.46e-02 5.46e-02 5.46e-02 5.46e-02 5.46e-02 5.46e-02 5.46e-02 5.46e-02 5.46e-02 5.46e-02 5.46e-02 5.46e-02 5.46e-02 5.46e-02 5.46e-02 5.46e-02 5.46e-02 5.46e-02 5.46e-02 5.46e-02 5.46e-02 5.46e-02 5.46e-02 5.46e-02 5.46e-02 5.46e-02 5.46e-02 5.46e-02 5.46e-02 5.46e-02 5.46e-02 5.46e-02 5.46e-02 5.46e-02 5.46e-02 5.46e-02 5.46e-02 5.46e-02 5.46e-02 5.46e-02 5.46e-02 5.46e-02 5.46e-02 5.46e-02 5.46e-02 5.46e-02 5.46e-02 5.46e-02 5.46e-02 5.46e-02 5.46e-02 5.46e-02 5.46e-02 5.46e-02 5.46e-02 5.46e-02 5.46e-02 5.46e-02 5.46e-02 5.46e-02 5.46e-02 5.46e-02 5.46e-02 5.46e-02 5.46e-02 5.46e-02 5.46e-02 5.46e-02 5.46e-02 5.46e-02 5.46e-02 5.46e-02 5.46e-02 5.46e-02 5.46e-02 5.46e-02 5.46e-02 5.46e-02 5.46e-02 5.46e-02 5.46e-02 5.46e-02 5.46e-02 5.46e-02 5.46e-02 5.46e-02 5.46e-02 5.46e-02 5.46e-02 5.46e-02 5.46e-02 5.46e-02 5.46e-02 5.46e-02 5.46e-02 5.46e-02 5.46e-02 5.46e-02 5.46e-02 5.46e-02 5.46e-02 5.46e-02 5.46e-02 5.46e-02 5.46e-02 5.46e-02 5.46e-02 5.46e-02 5.46e-02 5.46e-02 5.46e-02 5.46e-02 5.46e-02 5.46e-02 5.46e-02 5.46e-02 5.46e-02 5.46e-02 5.46e-02 5.46e-02 5.46e-02 5.46e-02 5.46e-02 5.46e-02 5.46e-02 5.46e-02 5.46e-02 5.46e-02 5.46e-02 5.46e-02 5.46e-02 5.46e-02 5.46e-02 5.46e-02 5.46e-02 5.46e-02 5.46e-02 5.46e-02 5.46e-02 5.46e-02 5.46e-02 5.46e-02 5.46e-02 5.46e-02 5.46e-02 5.46e-02 5.46e-02 5.46e-02 5.46e-02 5.46e-02 5.46e-02 5.46e-02 5.46e-02 5.46e-02 5.46e-02 5.46e-02 5.46e-02 5.46e-02 5.46e-02 5.46e-02 5.46e-02 5.46e-02 5.46e-02 5.46e-02 5.46e-02 5.46e-02 5.46e-02 5.46e-02 5.46e-02 5.46e-02 5.46e-02 5.46e-02 5.46e-02 5.46e-02 5.46e-02 5.46e-02 5.46e-02 5.46e-02 5.46e-02 5.46e-02 5.46e-02 5.46e-02 5.46e-02 5.46e-02 5.46e-02 5.46e-02 5.46e-02 5.46e-02 5.46e-02 5.46e-02 5.46e-02 5.46e-02 5.46e-02 5.46e-02 5.46e-02 5.46e-02 5.46e-02 5.46e-02 5.46e-02 5.46e-02 5.46e-02 5.46e-02 5.46e-02 5.46e-02 5.46e-02 5.46e-02 5.46e-02 5.46e-02 5.46e-02 5.46e-02 5.46e-02 5.46e-02 5.46e-02 5.46e-02 5.46e-02 5.46e-02 5.46e-02 5.46e-02 5.46e-02 5.46e-02 5.46e-02 5.46e-02 5.46e-02 5.46e-02 5.46e-02 5.46e-02 5.46e-02 5.46e-02 5.46e-02 5.46e-02 5.46e-02 5.46e-02 5.46e-02 5.46e-02 5.46e-02 5.46e-02 5.46e-02 5.46e-02 5.46e-02 5.46e-02 5.46e-02 5.46e-02 5.46e-02 5.46e-02 5.46e-02 5.46e-02 5.46e-02 5.46e-02 5.46e-02 5.46e-02 5.46e-02 5.46e-02 5.46e-02 5.46e-02 5.46e-02 5.46e-02 5.46e-02 5.46e-02 5.46e-02 5.46e-02 5.46e-02 5.46e-02 5.46e-02 5.46e-02 5.46e-02 5.46e-02 5.46e-02 5.46e-02 5.46e-02 5.46e-02 5.46e-02 5.46e-02 5.46e-02 5.46e-02 5.46e-02 5.46e-02 5.46e-02 5.46e-02 5.46e-02 5.46e-02 5.46e-02 5.46e-02 5.46e-02 5.46e-02 5.46e-02 5.46e-02 5.46e-02 5.46e-02 5.46e-02 5.46e-02 5.46e-02 5.46e-02 5.46e-02 5.46e-02 5.46e-02 5.46e-02 5.46e-02 5.46e-02 5.46e-02 5.46e-02 5.46e-02 5.46e-02 5.46e-02 5.46e-02 5.46e-02 5.46e-02 5.46e-02 5.46e-02 5.46e-02 5.46e-02 5.46e-02 5.46e-02 5.46e-02 5.46e-02 5.46e-02 5.46e-02 5.46e-02 5.46e-02 5.46e-02 5.46e-02 5.46e-02 5.46e-02 5.46e-02 5.46e-02 5.46e-02 5.46e-02 5.46e-02 5.46e-02 5.46e-02 5.46e-02 5.46e-02 5.46e-02 5.46e-02 5.46e-02 5.46e-02 5.46e-02 5.46e-02 5.46e-02 5.46e-02 5.46e-02 5.46e-02 5.46e-02 5.46e-02 5.46e-02 5.46e-02 5.46e-02 5.46e-02 5.46e-02 5.46e-02 5.46e-02 5.46e-02 5.46e-02 5.46e-02 5.46e-02 5.46e-02 5.46e-02 5.46e-02 5.46e-02 5.46e-02 5.46e-02 5.46e-02 5.46e-02 5.46e-02 5.46e-02 5.46e-02 5.46e-02 5.46e-02 5.46e-02 5.46e-02 5.46e-02 5.46e-02 5.46e-02 5.46e-02 5.46e-02 5.46e-02 5.46e-02 5.46e-02 5.46e-02 5.46e-02 5.46e-02 5.46e-02 5.46e-02 5.46e-02 5.46e-02 5.46e-02 5.46e-02 5.46e-02 5.46e-02 5.46e-02 5.46e-02 5.46e-02 5.46e-02 5.46e-02 5.46e-02 5.46e-02 5.46e-02 5.46e-02 5.46e-02 5.46e-02 5.46e-02 5.46e-02 5.46e-02 5.46e-02 5.46e-02 5.46e-02 5.46e-02 5.46e-02 5.46e-02 5.46e-02 5.46e-02 5.46e-02 5.46e-02 5.46e-02 5.46e-02 5.46e-02 5.46e-02 5.46e-02 5.46e-02 5.46e-02 5.46e-02 5.46e-02 5.46e-02 5.46e-02 5.46e-02 5.46e-02 5.46e-02 5.46e-02 5.46e-02 5.46e-02 5.46e-02 5.46e-02 5.46e-02 5.46e-02 5.46e-02 5.46e-02 5.46e-02 5.46e-02 5.46e-02 5.46e-02 5.46e-02 5.46e-02 5.46e-02 5.46e-02 5.46e-02 5.46e-02 5.46e-02 5.46e-02 5.46e-02 5.46e-02 5.46e-02 5.46e-02 5.46e-02 5.46e-02 5.46e-02 5.46e-02 5.46e-02 5.46e-02 5.46e-02 5.46e-02 5.46e-02 5.46e-02 5.46e-02 5.46e-02 5.46e-02 5.46e-02 5.46e-02 5.46e-02 5.46e-02 5.46e-02 5.46e-02 5.46e-02 5.46e-02 5.46e-02 5.46e-02 5.46e-02 5.46e-02 5.46e-02 5.46e-02 5.46e-02 5.46e-02 5.46e-02 5.46e-02 5.46e-02 5.46e-02 5.46e-02 5.46e-02 5.46e-02 5.46e-02 5.46e-02 5.46e-02 5.46e-02 5.46e-02 5.46e-02 5.46e-02 5.46e-02 5.46e-02 5.46e-02 5.46e-02 5.46e-02 5.46e-02 5.46e-02 5.46e-02 5.46e-02 5.46e-02 5.46e-02 5.46e-02 5.46e-02 5.46e-02 5.46e-02 5.46e-02 5.46e-02 5.46e-02 5.46e-02 5.46e-02 5.46e-02 5.46e-02 5.46e-02 5.46e-02 5.46e-02 5.46e-02 5.46e-02 5.46e-02 5.46e-02 5.46e-02 5.46e-02 5.46e-02 5.46e-02 5.46e-02 5.46e-02 5.46e-02 5.46e-02 5.46e-02 5.46e-02 5.46e-02 5.46e-02 5.46e-02 5.46e-02 5.46e-02 5.46e-02 5.46e-02 5.46e-02 5.46e-02 5.46e-02 5.46e-02 5.46e-02 5.46e-02 5.46e-02 5.46e-02 5.46e-02 5.46e-02 5.46e-02 5.46e-02 5.46e-02 5.46e-02 5.46e-02 5.46e-02 5.46e-02 5.46e-02 5.46e-02 5.46e-02 5.46e-02 5.46e-02 5.46e-02 5.46e-02 5.46e-02 5.46e-02 5.46e-02 5.46e-02 5.46e-02 5.46e-02 5.46e-02 5.46e-02 5.46e-02 5.46e-02 5.46e-02 5.46e-02 5.46e-02 5.46e-02 5.46e-02 5.46e-02 5.46e-02 5.46e-02 5.46e-02 5.46e-02 5.46e-02 5.46e-02 5.46e-02 5.46e-02 5.46e-02 5.46e-02 5.46e-02 5.46e-02 5.46e-02 5.46e-02 5.46e-02 5.46e-02 5.46e-02 5.46e-02 5.46e-02 5.46e-02 5.46e-02 5.46e-02 5.46e-02 5.46e-02 5.46e-02 5.46e-02 5.46e-02 5.46e-02 5.46e-02 5.46e-02 5.46e-02 5.46e-02 5.46e-02 5.46e-02 5.46e-02 5.46e-02 5.46e-02 5.46e-02 5.46e-02 5.46e-02 5.46e-02 5.46e-02 5.46e-02 5.46e-02 5.46e-02 5.46e-02 5.46e-02 5.46e-02 5.46e-02 5.46e-02 5.46e-02 5.46e-02 5.46e-02 5.46e-02 5.46e-02 5.46e-02 5.46e-02 5.46e-02 5.46e-02 5.46e-02 5.46e-02 5.46e-02 5.46e-02 5.46e-02 5.46e-02 5.46e-02 5.46e-02 5.46e-02 5.46e-02 5.46e-02 5.46e-02 5.46e-02 5.46e-02 5.46e-02 5.46e-02 5.46e-02 5.46e-02 5.46e-02 5.46e-02 5.46e-02 5.46e-02 5.46e-02 5.46e-02 5.46e-02 5.46e-02 5.46e-02 5.46e-02 5.46e-02 5.46e-02 5.46e-02 5.46e-02 5.46e-02 5.46e-02 5.46e-02 5.46e-02 5.46e-02 5.46e-02 5.46e-02 5.46e-02 5.46e-02 5.46e-02 5.46e-02 5.46e-02 5.46e-02 5.46e-02 5.46e-02 5.46e-02 5.46e-02 5.46e-02 5.46e-02 5.46e-02 5.46e-02 5.46e-02 5.46e-02 5.46e-02 5.46e-02 5.46e-02 5.46e-02 5.46e-02 5.46e-02 5.46e-02 5.46e-02 5.46e-02 5.46e-02 5.46e-02 5.46e-02 5.46e-02 5.46e-02 5.46e-02 5.46e-02 5.46e-02 5.46e-02 5.46e-02 5.46e-02 5.46e-02 5.46e-02 5.46e-02 5.46e-02 5.46e-02 5.46e-02 5.46e-02 5.46e-02 5.46e-02 5.46e-02 5.46e-02 5.46e-02 5.46e-02 5.46e-02 5.46e-02 5.46e-02 5.46e-02 5.46e-02 5.46e-02 5.46e-02 5.46e-02 5.46e-02 5.46e-02 5.46e-02 5.46e-02 5.46e-02 5.46e-02 5.46e-02 5.46e-02 5.46e-02 5.46e-02 5.46e-02 5.46e-02 5.46e-02 5.46e-02 5.46e-02 5.46e-02 5.46e-02 5.46e-02 5.46e-02 5.46e-02 5.46e-02 5.46e-02 5.46e-02 5.46e-02 5.46e-02 5.46e-02 5.46e-02 5.46e-02 5.46e-02 5.46e-02 5.46e-02 5.46e-02 5.46e-02 5.46e-02 5.46e-02 5.46e-02 5.46e-02 5.46e-02 5.46e-02 5.46e-02 5.46e-02 5.46e-02 5.46e-02 5.46e-02 5.46e-02 5.46e-02 5.46e-02 5.46e-02 5.46e-02 5.46e-02 5.46e-02 5.46e-02 5.46e-02 5.46e-02 5.46e-02 5.46e-02 5.46e-02 5.46e-02 5.46e-02 5.46e-02 5.46e-02 5.46e-02 5.46e-02 5.46e-02 5.46e-02 5.46e-02 5.46e-02 5.46e-02 5.46e-02 5.46e-02 5.46e-02 5.46e-02 5.46e-02 5.46e-02 5.46e-02 5.46e-02 5.46e-02 5.46e-02 5.46e-02 5.46e-02 5.46e-02 5.46e-02 5.46e-02 5.46e-02 5.46e-02 5.46e-02 5.46e-02 5.46e-02 5.46e-02 5.46e-02 5.46e-02 5.46e-02 5.46e-02 5.46e-02 5.46e-02 5.46e-02 5.46e-02 5.46e-02 5.46e-02 5.46e-02 5.46e-02 5.46e-02 5.46e-02 5.46e-02 5.46e-02 5.46e-02 5.46e-02 5.46e-02 5.46e-02 5.46e-02 5.46e-02 5.46e-02 5.46e-02 5.46e-02 5.46e-02 5.46e-02 5.46e-02 5.46e-02 5.46e-02 5.46e-02 5.46e-02 5.46e-02 5.46e-02 5.46e-02 5.46e-02 5.46e-02 5.46e-02 5.46e-02 5.46e-02 5.46e-02 5.46e-02 5.46e-02 5.46e-02 5.46e-02 5.46e-02 5.46e-02 5.46e-02 5.46e-02 5.46e-02 5.46e-02 5.46e-02 5.46e-02 5.46e-02 5.46e-02 5.46e-02 5.46e-02 5.46e-02 5.46e-02 5.46e-02 5.46e-02 5.46e-02 5.46e-02 5.46e-02 5.46e-02 5.46e-02 5.46e-02 5.46e-02 5.46e-02 5.46e-02 5.46e-02 5.46e-02 5.46e-02 5.46e-02 5.46e-02 5.46e-02 5.46e-02 5.46e-02 5.46e-02 5.46e-02 5.46e-02 5.46e-02 5.46e-02 5.46e-02 5.46e-02 5.46e-02 5.46e-02 5.46e-02 5.46e-02 5.46e-02 5.46e-02 5.46e-02 5.46e-02 5.46e-02 5.46e-02 5.46e-02 5.46e-02 5.46e-02 5.46e-02 5.46e-02 5.46e-02 5.46e-02 5.46e-02 5.46e-02 5.46e-02 5.46e-02 5.46e-02 5.46e-02 5.46e-02 5.46e-02 5.46e-02 5.46e-02 5.46e-02 5.46e-02 5.46e-02 5.46e-02 5.46e-02 5.46e-02 5.46e-02 5.46e-02 5.46e-02 5.46e-02 5.46e-02 5.46e-02 5.46e-02 5.46e-02 5.46e-02 5.46e-02 5.46e-02 5.46e-02 5.46e-02 5.46e-02 5.46e-02 5.46e-02 5.46e-02 5.46e-02 5.46e-02 5.46e-02 5.46e-02 5.46e-02 5.46e-02 5.46e-02 5.46e-02 5.46e-02 5.46e-02 5.46e-02 5.46e-02 5.46e-02 5.46e-02 5.46e-02 5.46e-02 5.46e-02 5.46e-02 5.46e-02 5.46e-02 5.46e-02 5.46e-02 5.46e-02 5.46e-02 5.46e-02 5.46e-02 5.46e-02 5.46e-02 5.46e-02 5.46e-02 5.46e-02 5.46e-02 5.46e-02 5.46e-02 5.46e-02 5.46e-02 5.46e-02 5.46e-02 5.46e-02 5.46e-02 5.46e-02 5.46e-02 5.46e-02 5.46e-02 5.46e-02 5.46e-02 5.46e-02 5.46e-02 5.46e-02 5.46e-02 5.46e-02 5.46e-02 5.46e-02 5.46e-02 5.46e-02 5.46e-02 5.46e-02 5.46e-02 5.46e-02 5.46e-02 5.46e-02 5.46e-02 5.46e-02 5.46e-02 5.46e-02 5.46e-02 5.46e-02 5.46e-02 5.46e-02 5.46e-02 5.46e-02 5.46e-02 5.46e-02 5.46e-02 5.46e-02 5.46e-02 5.46e-02 5.46e-02 5.46e-02 5.46e-02 5.46e-02 5.46e-02 5.46e-02 5.46e-02 5.46e-02 5.46e-02 5.46e-02 5.46e-02 5.46e-02 5.46e-02 5.46e-02 5.46e-02 5.46e-02 5.46e-02 5.46e-02 5.46e-02 5.46e-02 5.46e-02 5.46e-02 5.46e-02 5.46e-02 5.46e-02 5.46e-02 5.46e-02 5.46e-02 5.46e-02 5.46e-02 5.46e-02 5.46e-02 5.46e-02 5.46e-02 5.46e-02 5.46e-02 5.46e-02 5.46e-02 5.46e-02 5.46e-02 5.46e-02 5.46e-02 5.46e-02 5.46e-02 5.46e-02 5.46e-02 5.46e-02 5.46e-02 5.46e-02 5.46e-02 5.46e-02 5.46e-02 5.46e-02 5.46e-02 5.46e-02 5.46e-02 5.46e-02 5.46e-02 5.46e-02 5.46e-02 5.46e-02 5.46e-02 5.46e-02 5.46e-02 5.46e-02 5.46e-02 5.46e-02 5.46e-02 5.46e-02 5.46e-02 5.46e-02 5.46e-02 5.46e-02 5.46e-02 5.46e-02 5.46e-02 5.46e-02 5.46e-02 5.46e-02 5.46e-02 5.46e-02 5.46e-02 5.46e-02 5.46e-02 5.46e-02 5.46e-02 5.46e-02 5.46e-02 5.46e-02 5.46e-02 5.46e-02 5.46e-02 5.46e-02 5.46e-02 5.46e-02 5.46e-02 5.46e-02 5.46e-02 5.46e-02 5.46e-02 5.46e-02 5.46e-02 5.46e-02 5.46e-02 5.46e-02 5.46e-02 5.46e-02 5.46e-02 5.46e-02 5.46e-02 5.46e-02 5.46e-02 5.46e-02 5.46e-02 5.46e-02 5.46e-02 5.46e-02 5.46e-02 5.46e-02 5.46e-02 5.46e-02 5.46e-02 5.46e-02 5.46e-02 5.46e-02 5.46e-02 5.46e-02 5.46e-02 5.46e-02 5.46e-02 5.46e-02 5.46e-02 5.46e-02 5.46e-02 5.46e-02 5.46e-02 5.46e-02 5.46e-02 5.46e-02 5.46e-02 5.46e-02 5.46e-02 5.46e-02 5.46e-02 5.46e-02 5.46e-02 5.46e-02 5.46e-02 5.46e-02 5.46e-02 5.46e-02 5.46e-02 5.46e-02 5.46e-02 5.46e-02 5.46e-02 5.46e-02 5.46e-02 5.46e-02 5.46e-02 5.46e-02 5.46e-02 5.46e-02 5.46e-02 5.46e-02 5.46e-02 5.46e-02 5.46e-02 5.46e-02 5.46e-02 5.46e-02 5.46e-02 5.46e-02 5.46e-02 5.46e-02 5.46e-02 5.46e-02 5.46e-02 5.46e-02 5.46e-02 5.46e-02 5.46e-02 5.46e-02 5.46e-02 5.46e-02 5.46e-02 5.46e-02 5.46e-02 5.46e-02 5.46e-02 5.46e-02 5.46e-02 5.46e-02 5.46e-02 5.46e-02 5.46e-02 5.46e-02 5.46e-02 5.46e-02 5.46e-02 5.46e-02 5.46e-02 5.46e-02 5.46e-02 5.46e-02 5.46e-02 5.46e-02 5.46e-02 5.46e-02 5.46e-02 5.46e-02 5.46e-02 5.46e-02 5.46e-02 5.46e-02 5.46e-02 5.46e-02 5.46e-02 5.46e-02 5.46e-02 5.46e-02 5.46e-02 5.46e-02 5.46e-02 5.46e-02 5.46e-02 5.46e-02 5.46e-02 5.46e-02 5.46e-02 5.46e-02 5.46e-02 5.46e-02 5.46e-02 5.46e-02 5.46e-02 5.46e-02 5.46e-02 5.46e-02 5.46e-02 5.46e-02 5.46e-02 5.46e-02 5.46e-02 5.46e-02 5.46e-02 5.46e-02 5.46e-02 5.46e-02 5.46e-02 5.46e-02 5.46e-02 5.46e-02 5.46e-02 5.46e-02 5.46e-02 5.46e-02 5.46e-02 5.46e-02 5.46e-02 5.46e-02 5.46e-02 5.46e-02 5.46e-02 5.46e-02 5.46e-02 5.46e-02 5.46e-02 5.46e-02 5.46e-02 5.46e-02 5.46e-02 5.46e-02 5.46e-02 5.46e-02 5.46e-02 5.46e-02 5.46e-02 5.46e-02 5.46e-02 5.46e-02 5.46e-02 5.46e-02 5.46e-02 5.46e-02 5.46e-02 5.46e-02 5.46e-02 5.46e-02 5.46e-02 5.46e-02 5.46e-02 5.46e-02 5.46e-02 5.46e-02 5.46e-02 5.46e-02 5.46e-02 5.46e-02 5.46e-02 5.46e-02 5.46e-02 5.46e-02 5.46e-02 5.46e-02 5.46e-02 5.46e-02 5.46e-02 5.46e-02 5.46e-02 5.46e-02 5.46e-02 5.46e-02 5.46e-02 5.46e-02 5.46e-02 5.46e-02 5.46e-02 5.46e-02 5.46e-02 5.46e-02 5.46e-02 5.46e-02 5.46e-02 5.46e-02 5.46e-02 5.46e-02 5.46e-02 5.46e-02 5.46e-02 5.46e-02 5.46e-02 5.46e-02 5.46e-02 5.46e-02 5.46e-02 5.46e-02 5.46e-02 5.46e-02 5.46e-02 5.46e-02 5.46e-02 5.46e-02 5.46e-02 5.46e-02 5.46e-02 5.46e-02 5.46e-02 5.46e-02 5.46e-02 5.46e-02 5.46e-02 5.46e-02 5.46e-02 5.46e-02 5.46e-02 5.46e-02 5.46e-02 5.46e-02 5.46e-02 5.46e-02 5.46e-02 5.46e-02 5.46e-02 5.46e-02 5.46e-02 5.46e-02 5.46e-02 5.46e-02 5.46e-02 5.46e-02 5.46e-02 5.46e-02 5.46e-02 5.46e-02 5.46e-02 5.46e-02 5.46e-02 5.46e-02 5.46e-02 5.46e-02 5.46e-02 5.46e-02 5.46e-02 5.46e-02 5.46e-02 5.46e-02 5.46e-02 5.46e-02 5.46e-02 5.46e-02 5.46e-02 5.46e-02 5.46e-02 5.46e-02 5.46e-02 5.46e-02 5.46e-02 5.46e-02 5.46e-02 5.46e-02 5.46e-02 5.46e-02 5.46e-02 5.46e-02 5.46e-02 5.46e-02 5.46e-02 5.46e-02 5.46e-02 5.46e-02 5.46e-02 5.46e-02 5.46e-02 5.46e-02 5.46e-02 5.46e-02 5.46e-02 5.46e-02 5.46e-02 5.46e-02 5.46e-02 5.46e-02 5.46e-02 5.46e-02 5.46e-02 5.46e-02 5.46e-02 5.46e-02 5.46e-02 5.46e-02 5.46e-02 5.46e-02 5.46e-02 5.46e-02 5.46e-02 5.46e-02 5.46e-02 5.46e-02 5.46e-02 5.46e-02 5.46e-02 5.46e-02 5.46e-02 5.46e-02 5.46e-02 5.46e-02 5.46e-02 5.46e-02 5.46e-02 5.46e-02 5.46e-02 5.46e-02 5.46e-02 5.46e-02 5.46e-02 5.46e-02 5.46e-02 5.46e-02 5.46e-02 5.46e-02 5.46e-02 5.46e-02 5.46e-02 5.46e-02 5.46e-02 5.46e-02 5.46e-02 5.46e-02 5.46e-02 5.46e-02 5.46e-02 5.46e-02 5.46e-02 5.46e-02 5.46e-02 5.46e-02 5.46e-02 5.46e-02 5.46e-02 5.46e-02 5.46e-02 5.46e-02 5.46e-02 5.46e-02 5.46e-02 5.46e-02 5.46e-02 5.46e-02 5.46e-02 5.46e-02 5.46e-02 5.46e-02 5.46e-02 5.46e-02 5.46e-02 5.46e-02 5.46e-02 5.46e-02 5.46e-02 5.46e-02 5.46e-02 5.46e-02 5.46e-02 5.46e-02 5.46e-02 5.46e-02 5.46e-02 5.46e-02 5.46e-02 5.46e-02 5.46e-02 5.46e-02 5.46e-02 5.46e-02 5.46e-02 5.46e-02 5.46e-02 5.46e-02 5.46e-02 5.46e-02 5.46e-02 5.46e-02 5.46e-02 5.46e-02 5.46e-02 5.46e-02 5.46e-02 5.46e-02 5.46e-02 5.46e-02 5.46e-02 5.46e-02 5.46e-02 5.46e-02 5.46e-02 5.46e-02 5.46e-02 5.46e-02 5.46e-02 5.46e-02 5.46e-02 5.46e-02 5.46e-02 5.46e-02 5.46e-02 5.46e-02 5.46e-02 5.46e-02 5.46e-02 5.46e-02 5.46e-02 5.46e-02 5.46e-02 5.46e-02 5.46e-02 5.46e-02 5.46e-02 5.46e-02 5.46e-02 5.46e-02 5.46e-02 5.46e-02 5.46e-02 5.46e-02 5.46e-02 5.46e-02 5.46e-02 5.46e-02 5.46e-02 5.46e-02 5.46e-02 5.46e-02 5.46e-02 5.46e-02 5.46e-02 5.46e-02 5.46e-02 5.46e-02 5.46e-02 5.46e-02 5.46e-02 5.46e-02 5.46e-02 5.46e-02 5.46e-02 5.46e-02 5.46e-02 5.46e-02 5.46e-02 5.46e-02 5.46e-02 5.46e-02 5.46e-02 5.46e-02 5.46e-02 5.46e-02 5.46e-02 5.46e-02 5.46e-02 5.46e-02 5.46e-02 5.46e-02 5.46e-02 5.46e-02 5.46e-02 5.46e-02 5.46e-02 5.46e-02 5.46e-02 5.46e-02 5.46e-02 5.46e-02 5.46e-02 5.46e-02 5.46e-02 5.46e-02 5.46e-02 5.46e-02 5.46e-02 5.46e-02 5.46e-02 5.46e-02 5.46e-02 5.46e-02 5.46e-02 5.46e-02 5.46e-02 5.46e-02 5.46e-02 5.46e-02 5.46e-02 5.46e-02 5.46e-02 5.46e-02 5.46e-02 5.46e-02 5.46e-02 5.46e-02 5.46e-02 5.46e-02 5.46e-02 5.46e-02 5.46e-02 5.46e-02 5.46e-02 5.46e-02 5.46e-02 5.46e-02 5.46e-02 5.46e-02 5.46e-02 5.46e-02 5.46e-02 5.46e-02 5.46e-02 5.46e-02 5.46e-02 5.46e-02 5.46e-02 5.46e-02 5.46e-02 5.46e-02 5.46e-02 5.46e-02 5.46e-02 5.46e-02 5.46e-02 5.46e-02 5.46e-02 5.46e-02 5.46e-02 5.46e-02 5.46e-02 5.46e-02 5.46e-02 5.46e-02 5.46e-02 5.46e-02 5.46e-02 5.46e-02 5.46e-02 5.46e-02 5.46e-02 5.46e-02 5.46e-02 5.46e-02 5.46e-02 5.46e-02 5.46e-02 5.46e-02 5.46e-02 5.46e-02 5.46e-02 5.46e-02 5.46e-02 5.46e-02 5.46e-02 5.46e-02 5.46e-02 5.46e-02 5.46e-02 5.46e-02 5.46e-02 1.5 1 1 1 kla 
1.0                           bgw
0.67                           bow
1 1                           water conc scaling factor
1.5057d-04 1                  TCE conc scaling factor
-1 -1 -1 0                    inputh,inputsw,inputst,issmn
2.5                           initial h0(m)
-1                            lhys
-1                            inputc
water
1                             init water conc in water phase
TCEc12
0.                            init TCE conc in water phase 
1.0                           init TCE conc in napl
293.15                  ti (initial temperature- K)
10 75                   newtmx,solmx 
3*1.d-03 1.d-08 1.d-08  ncrit:htol,stol,ctol,solcrit1,solcrit2
1.d02 0.10 0.10         bcwt,sch,cch
8640 40000 86400 864000 wtime 
1 0.0 0                 tmflag (sec), t0, ibunut
0 0 0 1                naturl,modify,north,info
0 0                     igstyp,idebug
10 8640 1000 1.d-10 1.5 1.5     dt1,dt2,dt3,dt4,dt5,dt6
0 0 0                   ihordk,ihordc,ifct
80 0                    prescribed water heads, no. & type
1 1 40 1 1 2.763482 1.0 0 0 0 0 0.01 0 0 0 0 0 0 0        LHS
3160 1 40 1 1 2.5 1.0 0 0 0 0 0 0 0 0 0 0 0 0          RHS
1 0                     prescribed PCE flow, no. & type
1610 1 1 1 1 0 0 11100 0 1.0 0 0 0 0 0 0 0 0 0 0
0 0                     igstyp,idebug
10 864000 5000 1.d-10 1.5 1.5     dt1,dt2,dt3,dt4,dt5,dt6
0 0 0                   ihordk,ihordc,ifct
80 0                    prescribed water heads, no. & type
1 1 40 1 1 2.763482 1.0 0 0 0 0 0.01 0 0 0 0 0 0 0        LHS
3160 1 40 1 1 2.5 1.0 0 0 0 0 0 0 0 0 0 0 0 0         RHS
0 0                     prescribed PCE flow, no. & type

