2.137957762519455129e-01
2.967255077766115523e-01
3.472137202567645020e-01
3.836028918611830152e-01
4.120695677859845807e-01
4.354533068733383860e-01
4.552969024095494532e-01
4.725325162827246350e-01
4.877666455214743069e-01
5.014161076292211749e-01
5.137797156378783869e-01
5.250790033682510849e-01
5.354827699449226097e-01
5.451225931017275039e-01
5.541030268802399350e-01
5.625085298233036823e-01
5.704083060726251597e-01
5.778597711437517548e-01
5.849110861292033947e-01
5.916030455343093131e-01
5.979705070096973385e-01
6.040434902227239666e-01
6.098480326956360331e-01
6.154068643874102129e-01
6.207399452182967847e-01
6.258648976516356655e-01
6.307973579975089118e-01
6.355512641019571696e-01
6.401390927631014360e-01
6.445720570611785938e-01
6.488602714597236920e-01
6.530128907950807360e-01
6.570382279582701601e-01
6.609438540727227140e-01
6.647366842021065203e-01
6.684230510260524838e-01
6.720087684554877372e-01
6.754991867923281212e-01
6.788992407473638524e-01
6.822134913980025805e-01
6.854461629811094969e-01
6.886011752655865070e-01
6.916821721270225432e-01
6.946925468468595488e-01
6.976354645765537876e-01
7.005138823396124259e-01
7.033305668884000106e-01
7.060881106860128487e-01
7.087889462446134159e-01
7.114353590189590459e-01
7.140294990263902353e-01
7.165733913412924982e-01
7.190689455923994222e-01
7.215179645744899117e-01
7.239221520717812330e-01
7.262831199780505065e-01
7.286023947880105878e-01
7.308814235254111891e-01
7.331215791655180114e-01
7.353241656028569606e-01
7.374904222092238948e-01
7.396215280218655375e-01
7.417186055972567749e-01
7.437827245620182159e-01
7.458149048890904131e-01
7.478161199242873147e-01
7.497872991857078562e-01
7.517293309561631220e-01
7.536430646867121608e-01
7.555293132275909818e-01
7.573888549011921212e-01
7.592224354303344080e-01
7.610307697337718169e-01
7.628145435997647494e-01
7.645744152475186795e-01
7.663110167853843802e-01
7.680249555739047107e-01
7.697168155010634116e-01
7.713871581764371044e-01
7.730365240503602742e-01
7.746654334636822181e-01
7.762743876332220960e-01
7.778638695775879075e-01
7.794343449876404151e-01
7.809862630455246535e-01
7.825200571958770279e-01
7.840361458725160215e-01
7.855349331836674054e-01
7.870168095585310386e-01
7.884821523577760782e-01
7.899313264503551313e-01
7.913646847588395872e-01
7.927825687753182748e-01
7.941853090497450474e-01
7.955732256524810087e-01
7.969466286126525301e-01
7.983058183338251901e-01
7.996510859883889655e-01
8.009827138919483058e-01
8.023009758589240148e-01
