-1.361555665569974018e-02
2.653473066700566887e-03
3.019431406483027731e-03
-2.008004885614813467e-02
-1.575568962542550980e-02
2.223815945031290195e-02
2.262073419130983601e-02
-3.089121396263995109e-02
-1.019920854893873602e-02
2.241572824212221260e-01
6.350134255202488642e-01
1.034566726930124636e+00
1.285096772349675343e+00
1.405477213133433878e+00
1.485701206419615561e+00
1.570842700572918416e+00
1.652171963913725117e+00
1.718038658169793065e+00
1.772468407257971057e+00
1.821099333467141257e+00
1.864608172030522537e+00
1.903364384592862057e+00
1.939631494881810969e+00
1.976451390439061706e+00
2.014255123969803662e+00
2.047741735459704948e+00
2.072927381600656371e+00
2.097588921308072507e+00
2.131333563783142537e+00
2.165836433950215856e+00
2.186944509323539787e+00
2.205333612581871883e+00
2.237320758167585577e+00
2.246350417646115538e+00
2.157448569324296628e+00
1.965229161961780102e+00
1.776095835247279764e+00
1.683074199265077064e+00
1.634160202664342920e+00
1.499688597155772962e+00
1.255103629688298028e+00
1.015109086693341212e+00
8.790476416841811469e-01
8.223062736384325611e-01
7.696489303998763631e-01
7.044516157598235129e-01
6.553520887669933570e-01
6.252865721016539480e-01
5.925344661326255036e-01
5.566678266064269964e-01
5.334077518702828868e-01
5.175001710934973298e-01
4.911693920427023796e-01
4.594766086713730768e-01
4.419366250702780885e-01
4.364695466006554003e-01
4.236204684663761877e-01
4.012063856806655782e-01
3.852812269244933474e-01
3.798819954163722423e-01
3.728909541954465445e-01
3.606692852347044287e-01
3.522091656439171881e-01
3.485838999905400692e-01
3.402500906041286410e-01
3.258747900354174720e-01
3.145021227297347122e-01
3.080304059504740399e-01
2.990739838745562484e-01
2.868930574361312491e-01
2.790608741454436714e-01
2.766812505242830511e-01
2.730479309702219526e-01
2.670961467350644880e-01
2.639157812177374551e-01
2.625350478976888335e-01
2.572774824074469668e-01
2.500609547401800303e-01
2.470936476547107574e-01
2.451113047893915264e-01
2.361434375606560887e-01
2.244010525376540222e-01
2.218562184008878446e-01
2.272101928196488541e-01
2.264471561354894635e-01
2.158662827140320761e-01
2.073454674116615715e-01
2.073098162084019980e-01
2.073681254489296022e-01
2.014431391823260087e-01
1.964309093456918509e-01
1.979840331154719968e-01
1.991453168613330493e-01
1.924405463015704809e-01
1.830344989661627786e-01
1.805247800494033383e-01
1.848114224670532879e-01
1.883679197431289143e-01
1.880496058640988288e-01
1.883968439111862458e-01
