-1.361555665737871658e-02
2.653473065211321529e-03
3.019431404918830608e-03
-2.008004885930749633e-02
-1.575568962972357170e-02
2.223815944658589019e-02
2.262073418832514018e-02
-3.089121396604690289e-02
-1.019920855352564153e-02
2.241572824149099252e-01
6.350134255116767212e-01
1.034566726920292723e+00
1.285096772340639903e+00
1.405477213124945113e+00
1.485701206408909236e+00
1.570842700558629623e+00
1.652171963895939566e+00
1.718038658145818021e+00
1.772468407225132880e+00
1.821099333432362410e+00
1.864608172007632625e+00
1.903364384583263735e+00
1.939631494866806749e+00
1.976451390403047625e+00
2.014255123925610125e+00
2.047741735437470290e+00
2.072927381613779652e+00
2.097588921343579660e+00
2.131333563824315824e+00
2.165836433991558341e+00
2.186944509359127764e+00
2.205333612596891424e+00
2.237320758154265565e+00
2.246350417617569484e+00
2.157448569299407648e+00
1.965229161942685820e+00
1.776095835224238417e+00
1.683074199238756341e+00
1.634160202648347715e+00
1.499688597155860226e+00
1.255103629691727285e+00
1.015109086684520046e+00
8.790476416634560586e-01
8.223062736194092226e-01
7.696489303918666591e-01
7.044516157586138139e-01
6.553520887632114933e-01
6.252865720955160800e-01
5.925344661379422506e-01
5.566678266376865469e-01
5.334077519251730903e-01
5.175001711506267421e-01
4.911693920786248668e-01
4.594766086786956638e-01
4.419366250593417256e-01
4.364695465880947811e-01
4.236204684639948703e-01
4.012063856895539682e-01
3.852812269346096441e-01
3.798819954153118683e-01
3.728909541821634477e-01
3.606692852204895772e-01
3.522091656354210953e-01
3.485838999792658655e-01
3.402500905822207766e-01
3.258747900152678678e-01
3.145021227324665269e-01
3.080304059748729117e-01
2.990739838933298422e-01
2.868930574288737767e-01
2.790608741222407874e-01
2.766812505078318773e-01
2.730479309655662878e-01
2.670961467294749592e-01
2.639157812039260587e-01
2.625350478829535095e-01
2.572774824004691596e-01
2.500609547402593003e-01
2.470936476564065953e-01
2.451113047896205654e-01
2.361434375585573231e-01
2.244010525337343520e-01
2.218562183988723735e-01
2.272101928239535773e-01
2.264471561445183800e-01
2.158662827205894696e-01
2.073454674121549268e-01
2.073098162070740325e-01
2.073681254506975769e-01
2.014431391865555421e-01
1.964309093507734250e-01
1.979840331246495722e-01
1.991453168778952731e-01
1.924405463204297007e-01
1.830344989763944274e-01
1.805247800454617690e-01
1.848114224528842608e-01
1.883679197248593618e-01
1.880496058436812723e-01
1.883968438890757657e-01
