-1.361555665708226968e-02
2.653473064593403485e-03
3.019431404857831226e-03
-2.008004885697468531e-02
-1.575568962714458260e-02
2.223815944769014924e-02
2.262073419004111477e-02
-3.089121396304486331e-02
-1.019920855125549392e-02
2.241572824190754265e-01
6.350134255233742531e-01
1.034566726935289616e+00
1.285096772346991489e+00
1.405477213123563107e+00
1.485701206415544595e+00
1.570842700577324225e+00
1.652171963910385344e+00
1.718038658149162901e+00
1.772468407234666143e+00
1.821099333455419522e+00
1.864608172019156074e+00
1.903364384568095202e+00
1.939631494861733252e+00
1.976451390453921597e+00
2.014255124013024201e+00
2.047741735491579007e+00
2.072927381603932862e+00
2.097588921307717236e+00
2.131333563801788955e+00
2.165836433975852238e+00
2.186944509338629938e+00
2.205333612595985926e+00
2.237320758195315840e+00
2.246350417672090316e+00
2.157448569319527110e+00
1.965229161926100643e+00
1.776095835209933860e+00
1.683074199246813007e+00
1.634160202661137040e+00
1.499688597158550518e+00
1.255103629696745493e+00
1.015109086705963115e+00
8.790476416919887903e-01
8.223062736356896441e-01
7.696489303905869050e-01
7.044516157494696840e-01
6.553520887567420017e-01
6.252865720931926052e-01
5.925344661297895499e-01
5.566678266090716587e-01
5.334077518736368706e-01
5.175001710952461531e-01
4.911693920443143124e-01
4.594766086723005571e-01
4.419366250682818520e-01
4.364695465981420219e-01
4.236204684687251421e-01
4.012063856876882939e-01
3.852812269309264792e-01
3.798819954208746963e-01
3.728909542010370171e-01
3.606692852401490734e-01
3.522091656440083929e-01
3.485838999864699916e-01
3.402500906040841766e-01
3.258747900417348076e-01
3.145021227343987591e-01
3.080304059478053968e-01
2.990739838704838949e-01
2.868930574392830612e-01
2.790608741551369176e-01
2.766812505331410765e-01
2.730479309743744087e-01
2.670961467365517983e-01
2.639157812197256980e-01
2.625350479013401905e-01
2.572774824115787173e-01
2.500609547417650957e-01
2.470936476519987601e-01
2.451113047854422133e-01
2.361434375604578584e-01
2.244010525412353241e-01
2.218562184035119955e-01
2.272101928192191145e-01
2.264471561346175499e-01
2.158662827140375440e-01
2.073454674103433204e-01
2.073098162051763560e-01
2.073681254463120849e-01
2.014431391806853489e-01
1.964309093425237185e-01
1.979840331114153251e-01
1.991453168603162516e-01
1.924405463033678210e-01
1.830344989662730515e-01
1.805247800481422082e-01
1.848114224693220842e-01
1.883679197453455023e-01
1.880496058520097491e-01
1.883968438783751864e-01
