2.137957762519455962e-01
2.967255077766116078e-01
3.472137202567645575e-01
3.836028918611830152e-01
4.120695677859845807e-01
4.354533068733384971e-01
4.552969024095493422e-01
4.725325162827244130e-01
4.877666455214743069e-01
5.014161076292211749e-01
5.137797156378780539e-01
5.250790033682506408e-01
5.354827699449227207e-01
5.451225931017275039e-01
5.541030268802398240e-01
5.625085298233035713e-01
5.704083060726252707e-01
5.778597711437519768e-01
5.849110861292035057e-01
5.916030455343093131e-01
5.979705070096974495e-01
6.040434902227240777e-01
6.098480326956362552e-01
6.154068643874102129e-01
6.207399452182964517e-01
6.258648976516354434e-01
6.307973579975085787e-01
6.355512641019568365e-01
6.401390927631012140e-01
6.445720570611781497e-01
6.488602714597231369e-01
6.530128907950802919e-01
6.570382279582696050e-01
6.609438540727222700e-01
6.647366842021060762e-01
6.684230510260520397e-01
6.720087684554869600e-01
6.754991867923276772e-01
6.788992407473631863e-01
6.822134913980018034e-01
6.854461629811087198e-01
6.886011752655858409e-01
6.916821721270216550e-01
6.946925468468586606e-01
6.976354645765527884e-01
7.005138823396118708e-01
7.033305668883992334e-01
7.060881106860121825e-01
7.087889462446128608e-01
7.114353590189593790e-01
7.140294990263899022e-01
7.165733913412921652e-01
7.190689455923992002e-01
7.215179645744900228e-01
7.239221520717809000e-01
7.262831199780502844e-01
7.286023947880104767e-01
7.308814235254109670e-01
7.331215791655177894e-01
7.353241656028564055e-01
7.374904222092235617e-01
7.396215280218654264e-01
7.417186055972566638e-01
7.437827245620178829e-01
7.458149048890900801e-01
7.478161199242872037e-01
7.497872991857077452e-01
7.517293309561627890e-01
7.536430646867118277e-01
7.555293132275907597e-01
7.573888549011922322e-01
7.592224354303341860e-01
7.610307697337714838e-01
7.628145435997646384e-01
7.645744152475185684e-01
7.663110167853841581e-01
7.680249555739042666e-01
7.697168155010633006e-01
7.713871581764373264e-01
7.730365240503600521e-01
7.746654334636822181e-01
7.762743876332223181e-01
7.778638695775884626e-01
7.794343449876404151e-01
7.809862630455246535e-01
7.825200571958771389e-01
7.840361458725160215e-01
7.855349331836672944e-01
7.870168095585308166e-01
7.884821523577758562e-01
7.899313264503551313e-01
7.913646847588396982e-01
7.927825687753181638e-01
7.941853090497448253e-01
7.955732256524812307e-01
7.969466286126529742e-01
7.983058183338251901e-01
7.996510859883888545e-01
8.009827138919483058e-01
8.023009758589241258e-01
