-1.361555665794308631e-02
2.653473064410817768e-03
3.019431404178727317e-03
-2.008004885859483377e-02
-1.575568962835888903e-02
2.223815944742988868e-02
2.262073418997893881e-02
-3.089121396231987379e-02
-1.019920854923535986e-02
2.241572824187584578e-01
6.350134255172725783e-01
1.034566726928839442e+00
1.285096772349202832e+00
1.405477213131335779e+00
1.485701206415793951e+00
1.570842700569147876e+00
1.652171963910165964e+00
1.718038658165054411e+00
1.772468407252274947e+00
1.821099333462537162e+00
1.864608172028099808e+00
1.903364384592419079e+00
1.939631494883742979e+00
1.976451390443301648e+00
2.014255123973290651e+00
2.047741735458819434e+00
2.072927381596509022e+00
2.097588921305152176e+00
2.131333563782027429e+00
2.165836433946400241e+00
2.186944509315167373e+00
2.205333612573415536e+00
2.237320758162520740e+00
2.246350417640720742e+00
2.157448569313657138e+00
1.965229161948479408e+00
1.776095835238343135e+00
1.683074199262108550e+00
1.634160202662477079e+00
1.499688597151641378e+00
1.255103629683232969e+00
1.015109086688273488e+00
8.790476416771102475e-01
8.223062736289901142e-01
7.696489303917362079e-01
7.044516157558297076e-01
6.553520887652417581e-01
6.252865720990625764e-01
5.925344661296022553e-01
5.566678266052405011e-01
5.334077518709834376e-01
5.175001710940760891e-01
4.911693920417292691e-01
4.594766086683800266e-01
4.419366250653365968e-01
4.364695465957181830e-01
4.236204684650203278e-01
4.012063856838017917e-01
3.852812269279790591e-01
3.798819954156833489e-01
3.728909541911503700e-01
3.606692852301675023e-01
3.522091656392911663e-01
3.485838999832208684e-01
3.402500905943071086e-01
3.258747900262173314e-01
3.145021227214786497e-01
3.080304059400525984e-01
2.990739838623115432e-01
2.868930574281484125e-01
2.790608741453659003e-01
2.766812505270612732e-01
2.730479309689488598e-01
2.670961467311023241e-01
2.639157812179877549e-01
2.625350479028852879e-01
2.572774824099557933e-01
2.500609547349217365e-01
2.470936476462889664e-01
2.451113047849940441e-01
2.361434375605392377e-01
2.244010525372262810e-01
2.218562183989120362e-01
2.272101928187022502e-01
2.264471561356795615e-01
2.158662827121898831e-01
2.073454674073061943e-01
2.073098162051379145e-01
2.073681254481180014e-01
2.014431391801649596e-01
1.964309093394221439e-01
1.979840331082456939e-01
1.991453168570902210e-01
1.924405462988552085e-01
1.830344989621229823e-01
1.805247800467505992e-01
1.848114224695135976e-01
1.883679197443325903e-01
1.880496058495001455e-01
1.883968438749586971e-01
